2080081d
00000000
00000000
00000000
21001961
00000000
00000000
00000000
21832000
00000000
00000000
00000000
22000000
00000000
00000000
00000000
22800000
00000000
00000000
00000000
13200000
00000000
00000000
00000000
23800001
00000000
00000000
00000000
2400081d
00000000
00000000
00000000
24800001
00000000
00000000
00000000
03314000
00000000
00000000
00000000
2b17fffc
00000000
00000000
00000000
0544b000
00000000
00000000
00000000
0444a000
00000000
00000000
00000000
1d480030
00000000
00000000
00000000
25800002
00000000
00000000
00000000
02ad8000
00000000
00000000
00000000
03331000
00000000
00000000
00000000
03b94000
00000000
00000000
00000000
2b97fffc
00000000
00000000
00000000
0a380020
00000000
00000000
00000000
22200009
00000000
00000000
00000000
22800000
00000000
00000000
00000000
28a80010
00000000
00000000
00000000
29a7ffc8
00000000
00000000
00000000
1800000c
00000000
00000000
00000000
03b91000
00000000
00000000
00000000
1807ffe4
00000000
00000000
00000000
